0.0
0.0
0.018181818
0.036363635
0.07272727
0.09090909
0.09090909
0.12727273
0.14545454
0.14545454
0.12727273
0.09090909
0.09090909
0.07272727
0.07272727
0.07272727
0.074074075
0.074074075
0.055555556
0.055555556
0.037037037
0.018518519
0.037037037
0.056603774
0.056603774
0.03773585
0.056603774
0.0754717
0.057692308
0.07692308
0.057692308
0.07692308
0.07692308
0.09803922
0.13725491
0.13725491
0.13725491
0.15686275
0.15686275
0.13725491
0.11764706
0.09803922
0.11764706
0.15686275
0.1764706
0.19607843
0.1764706
0.13725491
0.05882353
0.0
