0.25882354
0.25
0.30952382
0.3809524
0.4047619
0.4047619
0.4047619
0.4047619
0.4047619
0.4047619
0.4047619
0.4047619
0.4047619
0.4047619
0.4047619
0.41666666
0.42857143
0.42857143
0.41666666
0.45238096
0.42857143
0.41666666
0.41666666
0.41666666
0.41666666
0.41666666
0.41666666
0.41666666
0.40963855
0.40963855
0.42168674
0.4939759
0.56626505
0.61445785
0.61445785
0.5903614
0.5365854
0.5121951
0.5121951
0.5121951
0.5121951
0.5121951
0.5121951
0.5121951
0.5121951
0.5121951
0.5121951
0.5121951
0.4878049
0.37804878
