0.7671233
0.7671233
0.7808219
0.79452056
0.79452056
0.79452056
0.79452056
0.79452056
0.8082192
0.79452056
0.7808219
0.75342464
0.72602737
0.7123288
0.6849315
0.6438356
0.60273975
0.5753425
0.56164384
0.5205479
0.46575344
0.4520548
0.43055555
0.41666666
0.41666666
0.4027778
0.3611111
0.30555555
0.2361111
0.18055555
0.18055555
0.18055555
0.18055555
0.18055555
0.0
0.0
0.0
0.055555556
0.22222222
0.30555555
0.30555555
0.3188406
0.3188406
0.3478261
0.3768116
0.42028984
0.5072464
0.5797101
0.6376812
0.68115944
