0.5550613
0.5707832
0.58208185
0.5917791
0.6086001
0.62863994
0.6433635
0.6449553
0.6386967
0.6364835
0.62948215
0.62988895
0.6236296
0.60765165
0.5914739
0.56977075
0.54693395
0.5214032
0.49511528
0.45240477
0.40591523
0.35929483
0.3351496
0.32923263
0.3294172
0.32966053
0.31368488
0.29915982
0.287749
0.26402932
0.094736844
0.08947369
0.08947369
0.095744684
0.1893818
0.19903879
0.20558691
0.20214854
0.20281371
0.21367331
0.23737825
0.25749943
0.27875486
0.28614458
0.29258952
0.29416105
0.3260821
0.3764259
0.44626707
0.5069093
