0.3272125
0.40833333
0.48333332
0.56666666
0.6333333
0.6583333
0.675
0.675
0.675
0.675
0.6724138
0.68103445
0.69145113
0.6889881
0.6800595
0.66071427
0.646351
0.5942645
0.52200073
0.4499954
0.383804
0.3410253
0.31854466
0.31610373
0.31947675
0.3136628
0.29362312
0.26195553
0.22355407
0.19110225
0.15046296
0.16898148
0.16898148
0.16898148
0.07772436
0.087339744
0.106268115
0.1335628
0.1554227
0.16765152
0.16842407
0.16274224
0.15651163
0.14488372
0.13906977
0.11744186
0.11744186
0.107441865
0.11325581
0.10515672
