0.064705886
0.07236842
0.0971178
0.11190476
0.11452381
0.11470399
0.11470399
0.11470399
0.11470399
0.11831377
0.12173842
0.13845617
0.13865393
0.16014287
0.17794973
0.19135824
0.20545113
0.23122752
0.23984554
0.2717387
0.27648205
0.28013808
0.29417655
0.3232546
0.3445394
0.36303282
0.35740194
0.35740194
0.354726
0.34805933
0.34850627
0.36831984
0.40853143
0.432034
0.43080726
0.44251984
0.4287691
0.45133507
0.47377965
0.47402978
0.46297285
0.4557038
0.46689782
0.4743605
0.47809184
0.48555452
0.49463442
0.48898816
0.47206047
0.41760936
