0.07777778
0.08888889
0.07777778
0.07777778
0.08888889
0.11111111
0.13333334
0.17777778
0.22222222
0.26666668
0.31111112
0.33333334
0.3258427
0.3181818
0.2840909
0.26136363
0.26136363
0.27272728
0.29545453
0.31034482
0.31034482
0.31034482
0.29885057
0.27586207
0.21839081
0.1627907
0.10465116
0.058139537
0.046511628
0.035714287
0.05952381
0.071428575
0.084337346
0.10843374
0.13253012
0.15662651
0.16867469
0.16049382
0.17283951
0.18518518
0.2
0.2125
0.225
0.2375
0.25
0.25641027
0.25641027
0.23076923
0.1923077
0.14285715
