0.6631579
0.64893615
0.61702126
0.5744681
0.5425532
0.5212766
0.5106383
0.50537634
0.49462366
0.48387095
0.48387095
0.48351648
0.46153846
0.43956044
0.41758242
0.3956044
0.3956044
0.3956044
0.41758242
0.42857143
0.44444445
0.45555556
0.47777778
0.4888889
0.51111114
0.5222222
0.53932583
0.5505618
0.56179774
0.5505618
0.5505618
0.5505618
0.5505618
0.5505618
0.23595506
0.25842696
0.26136363
0.26136363
0.25
0.25
0.26136363
0.2840909
0.3068182
0.32954547
0.3409091
0.35227272
0.4090909
0.48863637
0.62068963
0.7356322
