0.18421052
0.18421052
0.21052632
0.21052632
0.18421052
0.13157895
0.078947365
0.02631579
0.078947365
0.078947365
0.10526316
0.13157895
0.21052632
0.28947368
0.2972973
0.3243243
0.35135135
0.35135135
0.2972973
0.2972973
0.3783784
0.4864865
0.5675676
0.5675676
0.5675676
0.5675676
0.5675676
0.5405405
0.5405405
0.5277778
0.5555556
0.6111111
0.6
0.6764706
0.7058824
0.64705884
0.5294118
0.47058824
0.47058824
0.47058824
0.47058824
0.47058824
0.5
0.5588235
0.5882353
0.5588235
0.5294118
0.44117647
0.4117647
0.29411766
