0.23929976
0.26619357
0.30229905
0.34057635
0.37114617
0.38665372
0.40707397
0.39994675
0.40866244
0.39668855
0.36411434
0.34032828
0.32563132
0.30760103
0.29118007
0.2764831
0.2665244
0.24385472
0.20084956
0.12985915
0.106338024
0.093571424
0.09
0.087101445
0.0948419
0.116205536
0.11828887
0.104835115
0.104835115
0.06896168
0.03982843
0.018656716
0.0074626864
0.018529894
0.021498771
0.036425903
0.02879361
0.028724749
0.032512628
0.040088385
0.04452871
0.066158816
0.084569596
0.1327178
0.15883873
0.19208114
0.18959518
0.19356343
0.18314677
0.18750001
