0.35252193
0.35252193
0.33442983
0.30317983
0.23793858
0.06414474
0.08223684
0.23104957
0.3517894
0.38192946
0.38673246
0.40372807
0.43365997
0.47236842
0.490991
0.5048099
0.51327646
0.51327646
0.4997629
0.4997629
0.5200332
0.5534398
0.5770771
0.5755465
0.5918352
0.6158148
0.6239403
0.6173513
0.61224926
0.58822453
0.5381497
0.48528758
0.4556303
0.48495203
0.5061939
0.4961176
0.45939893
0.43448895
0.41918284
0.40897876
0.4076646
0.38858563
0.40028232
0.39983666
0.41523886
0.4078859
0.40053296
0.3725382
0.35103434
0.29743546
