0.68875504
0.7106521
0.7125646
0.7062768
0.6837843
0.4542164
0.44650513
0.45360345
0.46443027
0.46483028
0.46979022
0.45185745
0.46119392
0.47986674
0.51409286
0.531405
0.5240682
0.4953877
0.4602564
0.46233976
0.46434295
0.4996199
0.5527958
0.5913503
0.6231522
0.65495896
0.6756243
0.67835677
0.6473345
0.627826
0.6229075
0.6589038
0.73071766
0.8133073
0.8644391
0.8884269
0.89531046
0.87950355
0.8511908
0.81295884
0.7827036
0.7591831
0.7505266
0.76390433
0.7713724
0.7392065
0.6930038
0.60894
0.5126677
0.4046601
