0.10810811
0.14864865
0.2027027
0.22972973
0.26027396
0.26027396
0.2739726
0.2739726
0.28767124
0.30136988
0.30555555
0.30555555
0.30555555
0.30555555
0.29166666
0.29166666
0.2777778
0.26760563
0.2535211
0.23943663
0.22535211
0.21428572
0.2
0.1884058
0.17391305
0.17391305
0.17391305
0.16176471
0.16176471
0.14705883
0.11764706
0.07462686
0.029850746
0.015151516
0.0
0.0
0.014925373
0.045454547
0.060606062
0.09090909
0.10769231
0.13846155
0.16923077
0.21875
0.265625
0.296875
0.31746033
0.33333334
0.33333334
0.33333334
