0.8518519
0.8411215
0.78504676
0.682243
0.5377358
0.3490566
0.16190477
0.04761905
0.028571429
0.057142857
0.0952381
0.125
0.14423077
0.16504854
0.17475729
0.18181819
0.1919192
0.21212122
0.2244898
0.23157895
0.23157895
0.23404256
0.23404256
0.22826087
0.20652173
0.18478261
0.17582418
0.17582418
0.18681319
0.2
0.21111111
0.22222222
0.23333333
0.25555557
0.25555557
0.25555557
0.25555557
0.25555557
0.25555557
0.24444444
0.24444444
0.23333333
0.22222222
0.19101124
0.16853933
0.13483146
0.11235955
0.07865169
0.045454547
0.03409091
