0.7741935
0.76344085
0.72043014
0.6413044
0.51086956
0.3478261
0.19565217
0.097826086
0.054347824
0.054347824
0.06521739
0.10869565
0.1521739
0.20652173
0.26086956
0.32608697
0.38043478
0.42391303
0.45652175
0.4945055
0.51648355
0.5494506
0.5824176
0.61538464
0.62637365
0.6333333
0.6333333
0.6333333
0.6179775
0.58426964
0.5505618
0.5168539
0.49438202
0.48314607
0.48863637
0.47727272
0.45454547
0.4318182
0.39772728
0.375
0.36363637
0.33333334
0.33333334
0.33333334
0.3488372
0.3604651
0.37209302
0.38372093
0.4
0.4
