0.01724138
0.01724138
0.03448276
0.05172414
0.05263158
0.05263158
0.05263158
0.07017544
0.0877193
0.0877193
0.01754386
0.07017544
0.12280702
0.14035088
0.21052632
0.2631579
0.2982456
0.33333334
0.33333334
0.3392857
0.3392857
0.3392857
0.35714287
0.35714287
0.35714287
0.35714287
0.3392857
0.32142857
0.25
0.17857143
0.16071428
0.16071428
0.10714286
0.017857144
0.0
0.0
0.05357143
0.071428575
0.035714287
0.017857144
0.017857144
0.017857144
0.017857144
0.017857144
0.017857144
0.071428575
0.17857143
0.32142857
0.39285713
0.44642857
