0.21031004
0.21502703
0.27641717
0.3892085
0.4946469
0.5730318
0.60249156
0.6070457
0.5817899
0.5550333
0.53833175
0.52116936
0.5220532
0.52578455
0.52751786
0.52751786
0.53130573
0.53319967
0.51236635
0.51930106
0.50643086
0.4557085
0.37347898
0.27761865
0.20506537
0.15725806
0.13934426
0.13934426
0.13934426
0.14344262
0.14754099
0.14754099
0.18523039
0.21193711
0.19902343
0.16980965
0.14667135
0.13477837
0.13054107
0.13230716
0.1376263
0.13826406
0.15893432
0.20393601
0.24495015
0.33498195
0.33288896
0.32048208
0.31357563
0.29167867
