0.36190477
0.36872295
0.3671875
0.37361112
0.38645837
0.37212303
0.3640625
0.36354166
0.36302084
0.35650823
0.38409927
0.41501224
0.41833422
0.43549109
0.43525434
0.4309253
0.43068856
0.43068856
0.42287606
0.41889882
0.40069193
0.37725443
0.3434312
0.29670393
0.25824013
0.21624905
0.19038698
0.15794021
0.13643484
0.12909357
0.13144399
0.14105938
0.14585021
0.17213225
0.1878125
0.22395834
0.24631464
0.27809322
0.29859728
0.31369066
0.29384756
0.29384756
0.28068966
0.27068967
0.28597704
0.3082184
0.29683906
0.27683908
0.24683908
0.24124697
