0.28586927
0.28034735
0.26880682
0.26220745
0.26589036
0.26265246
0.25214615
0.2350192
0.20779204
0.17570166
0.15005457
0.14124765
0.14839914
0.16631182
0.20094761
0.23398612
0.2708563
0.30072442
0.31145883
0.3155096
0.31234646
0.30978817
0.32300594
0.33933377
0.35428938
0.35749927
0.34195298
0.31853646
0.28807494
0.25218764
0.2304981
0.21685393
0.21060392
0.22930467
0.2611503
0.29057735
0.31181917
0.3242231
0.32054663
0.3195297
0.3206472
0.31680226
0.3179254
0.31834257
0.32407892
0.3601299
0.39907074
0.4323933
0.4392449
0.4332695
