0.16666667
0.16949153
0.1724138
0.18965517
0.18965517
0.1724138
0.1724138
0.15517241
0.15517241
0.15789473
0.15789473
0.14035088
0.14035088
0.125
0.08928572
0.071428575
0.071428575
0.071428575
0.08928572
0.09090909
0.12727273
0.16363636
0.2037037
0.24074075
0.2777778
0.2777778
0.26415095
0.26415095
0.28846154
0.3137255
0.3137255
0.3137255
0.29411766
0.26
0.25
0.19565217
0.1521739
0.08888889
0.06666667
0.044444446
0.044444446
0.06666667
0.08888889
0.13333334
0.1590909
0.18181819
0.22727273
0.29545453
0.36363637
0.41860464
