0.33870968
0.32258064
0.3114754
0.27868852
0.24590164
0.18333334
0.13333334
0.08928572
0.05357143
0.074074075
0.12962963
0.16666667
0.20754717
0.2264151
0.2264151
0.2264151
0.25
0.26923078
0.33333334
0.37254903
0.43137255
0.46
0.48979592
0.5
0.45833334
0.42553192
0.36956522
0.3409091
0.3181818
0.3181818
0.33333334
0.33333334
0.33333334
0.2820513
0.23684211
0.18421052
0.15789473
0.13157895
0.13513513
0.1388889
0.16666667
0.2
0.22857143
0.23529412
0.20588236
0.18181819
0.121212125
0.09375
0.032258064
0.0
