0.3647059
0.35714287
0.33333334
0.32142857
0.32142857
0.30120483
0.29268292
0.2682927
0.24390244
0.20731707
0.16049382
0.11111111
0.061728396
0.0125
0.0
0.025316456
0.06329114
0.11392405
0.14102565
0.16883117
0.19480519
0.2236842
0.25
0.29333332
0.32
0.33333334
0.33333334
0.3243243
0.33783785
0.3472222
0.35211268
0.37142858
0.4
0.44285715
0.5294118
0.5882353
0.61764705
0.61764705
0.60294116
0.5882353
0.5882353
0.5882353
0.58208954
0.58208954
0.58208954
0.5970149
0.6212121
0.6212121
0.6212121
0.6060606
