0.74545455
0.76363635
0.76363635
0.76363635
0.7222222
0.7037037
0.6851852
0.6603774
0.6037736
0.5471698
0.5283019
0.49056605
0.3962264
0.33962265
0.33962265
0.28301886
0.18867925
0.11320755
0.03846154
0.0
0.0
0.0
0.036363635
0.16666667
0.16666667
0.1509434
0.1509434
0.11764706
0.11764706
0.11764706
0.11764706
0.11764706
0.09803922
0.078431375
0.05882353
0.05882353
0.05882353
0.05882353
0.05882353
0.05882353
0.05882353
0.05882353
0.05882353
0.0
0.11764706
0.25490198
0.34
0.42857143
0.4489796
0.4489796
