0.25731176
0.21914884
0.19336918
0.1863245
0.19077879
0.19716647
0.20367268
0.21180901
0.21676022
0.2231238
0.24365993
0.27348754
0.30651313
0.33832082
0.3692147
0.3860989
0.39659935
0.3946593
0.38532284
0.37627798
0.3804669
0.40099737
0.42782456
0.45114636
0.4605567
0.4643361
0.46120957
0.45810786
0.4638965
0.45690697
0.46109694
0.46584475
0.4887073
0.51933914
0.54464287
0.6130952
0.625
0.6432931
0.6483562
0.65793955
0.6663796
0.6435544
0.5288403
0.3548611
0.3781525
0.44890842
0.5130987
0.5499602
0.58317405
0.6030864
