0.45493898
0.4412136
0.42453772
0.42453772
0.41656262
0.40611905
0.39794022
0.37806866
0.3639177
0.34099483
0.3275059
0.30239213
0.2762853
0.24129845
0.20631275
0.1480701
0.13956538
0.12212545
0.12788737
0.14676899
0.18310423
0.19961241
0.23195913
0.3117106
0.36625606
0.3928749
0.40069732
0.39242375
0.3951044
0.397798
0.397798
0.397798
0.38007554
0.36235306
0.3542931
0.42735043
0.36752138
0.2991453
0.26495728
0.20915033
0.40975365
0.4385965
0.13157895
0.026315788
0.07430341
0.12005504
0.15719299
0.23934837
0.3426423
0.3952739
