0.5485337
0.48462364
0.45012546
0.42562723
0.38530466
0.3611111
0.3472222
0.33333334
0.30555555
0.27941176
0.2647059
0.25
0.25
0.2647059
0.27661067
0.27661067
0.28851542
0.2935268
0.31733632
0.34114584
0.37184876
0.42226893
0.46078432
0.4929272
0.5314426
0.5316807
0.5207843
0.49911767
0.4627451
0.43637255
0.4178093
0.36172414
0.30172414
0.30172414
0.30172414
0.33333334
0.33333334
0.33333334
0.33333334
0.33333334
0.33333334
0.33333334
0.0
0.2413793
0.27380952
0.2857143
0.2857143
0.2857143
0.2857143
0.2857143
