0.15254237
0.06779661
0.016949153
0.033898305
0.06779661
0.10344828
0.12068965
0.12068965
0.12068965
0.13793103
0.1724138
0.22413793
0.2631579
0.31578946
0.3859649
0.42105263
0.4385965
0.45614034
0.4385965
0.42105263
0.42105263
0.4385965
0.49122807
0.53571427
0.58928573
0.64285713
0.66071427
0.66071427
0.66071427
0.64285713
0.64285713
0.64285713
0.6964286
0.75
0.8035714
0.83928573
0.875
0.9074074
0.8888889
0.8703704
0.6851852
0.4074074
0.074074075
0.0
0.09090909
0.3090909
0.4909091
0.5740741
0.6296296
0.6481481
