0.6086956
0.60294116
0.60294116
0.60294116
0.60294116
0.60294116
0.61764705
0.63235295
0.64705884
0.64705884
0.6212121
0.52307695
0.33846155
0.12307692
0.10769231
0.15384616
0.15384616
0.2
0.24615385
0.30769232
0.4
0.44615385
0.46153846
0.43076923
0.390625
0.390625
0.3968254
0.41269842
0.41269842
0.4032258
0.41935483
0.4516129
0.48387095
0.5322581
0.58064514
0.61290324
0.6451613
0.72131145
0.78688526
0.8196721
0.852459
0.852459
0.852459
0.852459
0.852459
0.852459
0.852459
0.852459
0.8360656
0.78688526
