0.5833333
0.5818947
0.5855179
0.59638745
0.6181266
0.65547335
0.7144731
0.76023424
0.7830334
0.80118775
0.8043415
0.78273004
0.7365762
0.67894214
0.67509604
0.68967366
0.68961537
0.7011539
0.7126923
0.7480769
0.78615385
0.80653846
0.80257213
0.77197015
0.7201183
0.6827365
0.6473036
0.56968486
0.515658
0.4842254
0.47078454
0.49447408
0.5143989
0.52649564
0.54665697
0.5770681
0.63630533
0.6543021
0.66864645
0.67684317
0.68094146
0.67581284
0.6501988
0.601842
0.58720976
0.57303
0.5676391
0.54130757
0.66803277
0.5525335
