0.59605086
0.58411646
0.5699104
0.5478041
0.5304732
0.52860636
0.5360005
0.55942035
0.5868161
0.6063076
0.5992788
0.5707347
0.5265546
0.48537973
0.46632913
0.46755412
0.47140026
0.4726299
0.4786783
0.4822438
0.48468208
0.48174095
0.4582966
0.41371238
0.3642829
0.33605546
0.33189407
0.35223264
0.36635536
0.3764131
0.37201172
0.37052464
0.37976718
0.39721778
0.4006123
0.39914706
0.40371698
0.41124606
0.42740473
0.44074753
0.44624716
0.4392237
0.42345396
0.39515978
0.39967263
0.40300596
0.4042793
0.41440743
0.7783537
0.76465505
