0.0061742426
0.0
0.0
0.020433502
0.04179293
0.06506734
0.06790825
0.08569023
0.094212964
0.10273568
0.116750844
0.116750844
0.12623361
0.12623361
0.14127263
0.14127263
0.14176247
0.14176247
0.14162675
0.13613106
0.13816313
0.12979388
0.12816644
0.12866932
0.13041833
0.13142407
0.1320962
0.12290939
0.11939974
0.11883126
0.099600494
0.092926286
0.092926286
0.08682055
0.086597174
0.0841629
0.08095777
0.07165751
0.062042125
0.05242674
0.042811356
0.0364011
0.033195972
0.047672916
0.065396614
0.08876051
0.12727591
0.16101745
0.18053383
0.2000502
