0.011363637
0.0
0.0
0.011363637
0.022727273
0.045454547
0.056818184
0.09090909
0.125
0.1590909
0.18181819
0.18181819
0.18181819
0.18181819
0.17045455
0.17045455
0.1724138
0.1724138
0.18390805
0.18390805
0.1724138
0.16091955
0.13793103
0.11494253
0.08045977
0.06896552
0.069767445
0.05882353
0.07058824
0.09411765
0.09411765
0.105882354
0.105882354
0.09411765
0.105882354
0.105882354
0.105882354
0.10714286
0.10714286
0.10714286
0.10714286
0.10714286
0.10714286
0.11904762
0.13095239
0.14285715
0.16666667
0.19277108
0.20481928
0.21686748
