0.22222222
0.22222222
0.22222222
0.21348314
0.2159091
0.22727273
0.27272728
0.32954547
0.38636363
0.4431818
0.47727272
0.47727272
0.47727272
0.4659091
0.4659091
0.4597701
0.4597701
0.47126436
0.47126436
0.4651163
0.47058824
0.45882353
0.42352942
0.3764706
0.33333334
0.28915662
0.30120483
0.33734939
0.37349397
0.38554215
0.39759037
0.42682928
0.4691358
0.5308642
0.575
0.6
0.6233766
0.6363636
0.65789473
0.68
0.72
0.76
0.81333333
0.8666667
0.8933333
0.9066667
0.9054054
0.89041096
0.8630137
0.8356164
