0.38042265
0.45446572
0.525
0.5568182
0.56439394
0.5651515
0.54924244
0.5416666
0.5402299
0.5467607
0.56191224
0.5846395
0.6073668
0.61389756
0.5966562
0.56291056
0.5255157
0.48260468
0.42102832
0.3427109
0.31167328
0.29315478
0.3191551
0.37227184
0.41757607
0.328125
0.296875
0.24193548
0.20967741
0.19354838
0.22177419
0.2342742
0.22978109
0.24228111
0.24228111
0.2452381
0.2577381
0.24940476
0.2476852
0.26018518
0.24166667
0.25
0.24907407
0.25740743
0.2564815
0.24398148
0.23055556
0.2337963
0.22307694
0.23974359
