0.42052966
0.4040688
0.40197697
0.40425736
0.4155126
0.41875616
0.4083084
0.39289743
0.37828988
0.38495278
0.42166013
0.47769535
0.5413217
0.5889537
0.61148864
0.6166834
0.6082034
0.60021883
0.5922968
0.5729228
0.5363282
0.49159196
0.46076858
0.44516942
0.4539523
0.57898355
0.46565932
0.29601648
0.21818182
0.16363636
0.18238637
0.18316388
0.16598439
0.14600998
0.11499147
0.0912829
0.075624995
0.066962026
0.060632914
0.04846154
0.03871795
0.026711712
0.013513514
0.0
0.0
0.0
0.0
0.01764706
0.04911298
0.11718021
