0.6409874
0.62080723
0.64336365
0.7129762
0.72821033
0.71630555
0.67851555
0.60324526
0.52951497
0.5006688
0.50211334
0.5184213
0.5339799
0.5501151
0.5510271
0.5314193
0.5104874
0.56009287
0.61062324
0.6016109
0.5040222
0.37449527
0.3077907
0.32360464
0.33261904
0.6652381
0.6652381
0.6614634
0.6292683
0.615
0.3025
0.32779318
0.32078663
0.27722305
0.19271234
0.117228284
0.077380955
0.05187075
0.05187075
0.041666668
0.041666668
0.041666668
0.035714287
0.030487806
0.030487806
0.03954176
0.07825203
0.14849679
0.23161286
0.2874329
