0.6333333
0.73333335
0.76666665
0.8333333
0.8333333
0.8666667
0.8333333
0.8333333
0.82758623
0.79310346
0.79310346
0.79310346
0.79310346
0.7586207
0.6896552
0.62068963
0.51724136
0.44827586
0.3448276
0.2413793
0.21428572
0.21428572
0.25
0.35714287
0.4642857
0.4642857
0.4642857
0.4642857
0.4642857
0.4642857
0.5
0.5
0.4642857
0.4642857
0.4642857
0.4642857
0.4642857
0.4642857
0.4074074
0.4074074
0.33333334
0.33333334
0.2962963
0.2962963
0.25925925
0.25925925
0.22222222
0.18518518
0.1923077
0.1923077
