0.28125
0.28125
0.28125
0.265625
0.265625
0.25396827
0.1904762
0.07936508
0.0
0.0
0.0952381
0.12698413
0.12698413
0.14516129
0.14754099
0.14754099
0.14754099
0.14754099
0.14754099
0.14754099
0.14754099
0.14754099
0.14754099
0.18032786
0.26666668
0.5254237
0.7288136
0.82758623
0.8947368
0.9298246
0.94736844
0.94736844
0.94736844
0.94736844
0.9464286
0.96363634
0.96363634
0.96363634
0.96363634
0.96363634
0.96363634
0.9811321
0.9245283
0.8113208
0.7169811
0.5849057
0.4528302
0.30769232
0.23076923
0.23529412
