0.022277229
0.0225
0.0225
0.025
0.0275
0.040416665
0.056250002
0.077271506
0.09396739
0.11154823
0.12636647
0.13855688
0.14324874
0.15427308
0.16490036
0.17386818
0.17904085
0.18107755
0.1867683
0.20447968
0.22284278
0.25563887
0.29003578
0.3170713
0.34473264
0.3666696
0.4011853
0.452849
0.5125845
0.565933
0.59582925
0.6136283
0.6210407
0.61522675
0.61193806
0.6040336
0.5856123
0.55501115
0.5179554
0.48360652
0.4556014
0.42547238
0.37737876
0.30976078
0.22726461
0.15767838
0.10425252
0.07750959
0.07506128
0.075154796
