0.49208564
0.42105335
0.28354678
0.16118729
0.0900343
0.076848626
0.062814556
0.12860344
0.15261094
0.12667212
0.061456997
0.061456997
0.05657895
0.05657895
0.053333335
0.05717949
0.053814102
0.037435897
0.037435897
0.041282054
0.044615388
0.0481289
0.051738672
0.03429036
0.011538462
0.0
0.0
0.0
0.015384615
0.026693456
0.026864802
0.026864802
0.023076924
0.023076924
0.01923077
0.011538462
0.011538462
0.011538462
0.0076923077
0.0
0.0
0.0029411765
0.011764706
0.011764706
0.014705882
0.020588236
0.026470589
0.038235296
0.047058824
0.05
