0.2828046
0.24745643
0.21169107
0.16822517
0.1316203
0.10580065
0.09486111
0.08477273
0.08909091
0.099090904
0.10977273
0.119772725
0.13045454
0.1362384
0.14865491
0.15943877
0.18236694
0.19099481
0.20814833
0.2187117
0.24039626
0.2576426
0.2816532
0.29005924
0.2887747
0.2808072
0.258047
0.24592516
0.23222238
0.23144528
0.22083107
0.2259331
0.22164993
0.22492038
0.21396144
0.2164358
0.19788353
0.1813693
0.16485508
0.16023284
0.14613971
0.13415207
0.116160825
0.106748015
0.094153546
0.07665711
0.06303323
0.05453241
0.04921326
0.049766973
