0.42967364
0.45455396
0.484635
0.5097823
0.53820074
0.5561656
0.5742504
0.58488613
0.58161354
0.5789166
0.5665685
0.5421194
0.5206294
0.49651465
0.47845188
0.46232885
0.43550232
0.42250744
0.40297619
0.38344494
0.36004552
0.33776143
0.30688912
0.2761314
0.25093257
0.24495566
0.25061837
0.26833272
0.289354
0.3110382
0.34873724
0.39694223
0.45769697
0.54083866
0.6156304
0.6727313
0.71143323
0.72929096
0.72279537
0.7054772
0.6912117
0.67965615
0.669777
0.66121894
0.63973695
0.60439014
0.5610029
0.50460553
0.42968944
0.35812554
