0.13781056
0.126941
0.126941
0.20659938
0.29153728
0.34013975
0.36435333
0.38591713
0.39523512
0.40657985
0.3923459
0.37056434
0.35565186
0.3339522
0.32591158
0.3531614
0.38050616
0.40760154
0.4149456
0.4018185
0.38159895
0.33905074
0.2810757
0.25122103
0.20844787
0.20441476
0.2348252
0.25745815
0.278504
0.3272354
0.38682064
0.46266222
0.5818997
0.665896
0.71822894
0.7206229
0.7178439
0.7249783
0.7404545
0.75235736
0.75235736
0.7502315
0.7478184
0.7478184
0.7742789
0.8053817
0.8079933
0.7996321
0.76179767
0.6576323
