0.21322973
0.2304711
0.23100503
0.257175
0.32038444
0.37272435
0.04347826
0.04347826
0.04347826
0.04347826
0.06521739
0.13043478
0.20056489
0.20898409
0.21502125
0.23012014
0.24991828
0.28287432
0.32272255
0.37426674
0.4118867
0.47285354
0.52489173
0.5427489
0.56060606
0.5784632
0.58739173
0.6106566
0.6267401
0.61708474
0.6074293
0.5699962
0.5122708
0.45454544
0.40016234
0.35714287
0.34821427
0.35249043
0.34386975
0.3445083
0.34051722
0.32327586
0.30603448
0.27055702
0.23507957
0.20921752
0.18335544
0.17572944
0.17672414
0.17871353
