0.39130434
0.41304347
0.4347826
0.4456522
0.46153846
0.46666667
0.47777778
0.47777778
0.46666667
0.44444445
0.4318182
0.39772728
0.38636363
0.3678161
0.38372093
0.39285713
0.39285713
0.39285713
0.39285713
0.39285713
0.39759037
0.4125
0.43037975
0.44871795
0.47435898
0.48051947
0.4935065
0.52
0.5135135
0.5068493
0.5205479
0.5479452
0.5890411
0.6527778
0.71014494
0.74626863
0.7692308
0.765625
0.734375
0.6875
0.640625
0.6031746
0.5555556
0.516129
0.47540984
0.4262295
0.35
0.23728813
0.10344828
0.0
