0.39583334
0.41666666
0.44680852
0.4680851
0.4893617
0.5106383
0.5531915
0.5744681
0.59574467
0.6304348
0.62222224
0.62222224
0.6
0.5777778
0.53333336
0.5
0.44186047
0.45238096
0.45238096
0.45238096
0.42857143
0.4047619
0.35714287
0.30952382
0.2195122
0.17073171
0.17073171
0.19512194
0.24390244
0.25641027
0.30769232
0.3846154
0.46153846
0.5897436
0.71794873
0.7948718
0.8717949
0.8974359
0.9230769
0.92105263
0.8947368
0.8684211
0.8378378
0.8378378
0.8108108
0.7837838
0.7567568
0.7027027
0.5675676
0.4054054
