0.31034482
0.3218391
0.3448276
0.3678161
0.38372093
0.38372093
0.37209302
0.3488372
0.3255814
0.30232558
0.28915662
0.27160493
0.25
0.24358974
0.24675325
0.25333333
0.26666668
0.26666668
0.26666668
0.26666668
0.27027026
0.2837838
0.2837838
0.2837838
0.30985916
0.32857144
0.3382353
0.35820895
0.3846154
0.41935483
0.45901638
0.48333332
0.48333332
0.48333332
0.44067797
0.43103448
0.37931034
0.3508772
0.2982456
0.24561404
0.24561404
0.2631579
0.2857143
0.29090908
0.27272728
0.20754717
0.13725491
0.078431375
0.08
0.14
