0.55813956
0.55813956
0.55813956
0.55813956
0.54761904
0.52380955
0.52380955
0.52380955
0.5609756
0.5609756
0.5365854
0.5609756
0.63414633
0.75609756
0.85365856
0.8780488
0.85365856
0.85365856
0.85365856
0.85365856
0.875
0.875
0.8717949
0.9230769
0.94871795
0.94871795
0.94871795
0.94871795
0.9736842
0.92105263
0.81578946
0.7567568
0.7567568
0.7567568
0.7567568
0.7777778
0.7777778
0.7777778
0.7777778
0.6388889
0.44444445
0.4722222
0.5833333
0.5833333
0.5833333
0.5833333
0.5833333
0.5833333
0.5833333
0.5833333
