0.33870968
0.32258064
0.30645162
0.30645162
0.33870968
0.38709676
0.48387095
0.5645161
0.58064514
0.59016395
0.59016395
0.60655737
0.6229508
0.6229508
0.60655737
0.6229508
0.6721311
0.73333335
0.73333335
0.73333335
0.73333335
0.73333335
0.71666664
0.68333334
0.6666667
0.6666667
0.6666667
0.6333333
0.6
0.55
0.53333336
0.48333332
0.38333333
0.21666667
0.13333334
0.16666667
0.30508474
0.40677965
0.44067797
0.44067797
0.44067797
0.44067797
0.44067797
0.45762712
0.4915254
0.5423729
0.55932206
0.59322035
0.59322035
0.59322035
