0.30995464
0.3085974
0.31859738
0.32359737
0.3290285
0.32307613
0.32307613
0.32307613
0.58661026
0.58661026
0.57441515
0.58661026
0.73519164
0.7724317
0.84917325
0.89131784
0.90562856
0.9110633
0.9161358
0.91103375
0.9163691
0.9163691
0.93223447
0.97056514
0.9871795
0.9871795
0.9871795
0.9871795
0.9934211
0.974944
0.91671336
0.82880193
0.78535223
0.7883587
0.7883587
0.79361403
0.80448353
0.8207879
0.8207879
0.75121313
0.61426425
0.49499914
0.45175776
0.42581287
0.421205
0.421205
0.41564944
0.41564944
0.41564944
0.41463935
