0.22533739
0.21089743
0.19642857
0.21535715
0.23986606
0.26330358
0.26999998
0.27450895
0.3392857
0.3392857
0.32142857
0.31203008
0.5294486
0.4783247
0.52141947
0.5698066
0.6029287
0.61992174
0.64899755
0.662037
0.64537036
0.65925926
0.65092593
0.6546296
0.6546296
0.6666666
0.67499995
0.6824713
0.6784802
0.6612388
0.61685824
0.5736724
0.5240236
0.49997395
0.47664738
0.43340445
0.42424613
0.3903381
0.35280257
0.29286414
0.25913692
0.21032327
0.1744612
0.15721983
0.14997844
0.13724138
0.14
0.14226191
0.17119049
0.19011904
