0.44665882
0.4133255
0.39658928
0.39567307
0.40721154
0.4125
0.41105768
0.39929992
0.3837551
0.34671897
0.29236674
0.231444
0.17779367
0.15477738
0.14969826
0.16977938
0.20423375
0.25253373
0.3216362
0.41602892
0.5125073
0.54501325
0.55198586
0.5566858
0.5894149
0.6362899
0.68479836
0.7230686
0.74971765
0.7559711
0.7519847
0.73218095
0.69630015
0.6534975
0.60352474
0.56645954
0.51874477
0.5071179
0.51588196
0.51195186
0.487503
0.42760634
0.35229343
0.31540817
0.2997038
0.29698357
0.30612767
0.3126675
0.31997645
0.32443643
