0.46226415
0.46666667
0.45192307
0.43269232
0.40384614
0.375
0.33653846
0.29807693
0.26923078
0.24038461
0.20192307
0.15384616
0.10576923
0.067307696
0.058252428
0.116504855
0.21359223
0.33009708
0.41747573
0.4854369
0.52427185
0.5436893
0.5533981
0.5631068
0.5533981
0.5533981
0.5533981
0.5533981
0.5631068
0.5533981
0.5339806
0.4854369
0.41747573
0.3137255
0.21568628
0.14705883
0.13725491
0.1764706
0.2254902
0.27450982
0.3137255
0.32352942
0.32352942
0.32352942
0.33333334
0.3529412
0.39215687
0.41584158
0.43564355
0.44554454
