0.30769232
0.34615386
0.3846154
0.3846154
0.40384614
0.48076922
0.5576923
0.5769231
0.5769231
0.5769231
0.53846157
0.5192308
0.53846157
0.53846157
0.53846157
0.5192308
0.5192308
0.53846157
0.5576923
0.59615386
0.61538464
0.61538464
0.59615386
0.53846157
0.53846157
0.53846157
0.53846157
0.53846157
0.5192308
0.50980395
0.49019608
0.49019608
0.49019608
0.47058824
0.4509804
0.39215687
0.29411766
0.19607843
0.11764706
0.09803922
0.15686275
0.19607843
0.19607843
0.19607843
0.18
0.18
0.16
0.08
0.0
0.04
