0.16981132
0.18867925
0.20754717
0.20754717
0.17307693
0.115384616
0.15384616
0.28846154
0.42
0.5102041
0.5102041
0.5102041
0.5102041
0.5102041
0.5102041
0.5102041
0.4489796
0.42857143
0.42857143
0.42857143
0.42857143
0.42857143
0.42857143
0.42857143
0.3877551
0.40816328
0.46938777
0.46938777
0.46938777
0.46938777
0.46938777
0.46938777
0.4489796
0.36734694
0.3469388
0.3469388
0.3469388
0.3469388
0.3469388
0.33333334
0.5
0.65957445
0.70212764
0.70212764
0.70212764
0.7173913
0.7173913
0.7173913
0.7173913
0.7173913
