0.46279263
0.48871237
0.5695838
0.62604517
0.6516862
0.69472647
0.73806435
0.753514
0.753514
0.753514
0.7375766
0.71320367
0.72308385
0.72697276
0.75668746
0.78010803
0.79016125
0.79496896
0.7641971
0.6936845
0.6246054
0.5967734
0.601872
0.5935465
0.5935465
0.6082524
0.625469
0.61917424
0.60987675
0.57627004
0.5240642
0.52320635
0.5148173
0.51267827
0.49532086
0.47000614
0.42469877
0.38006797
0.37495983
0.39228055
0.41604254
0.42579412
0.41938388
0.40035444
0.40143687
0.39202827
0.37869495
0.35004386
0.31688595
0.29913342
