0.2478343
0.26052532
0.28326082
0.31156904
0.33419007
0.3520413
0.36625302
0.3815534
0.3998714
0.3998714
0.38980362
0.38577133
0.3791689
0.37335494
0.38592598
0.39992696
0.40985024
0.42485097
0.43403935
0.45878673
0.50005996
0.55764115
0.6045471
0.6447972
0.6835784
0.7139015
0.75172496
0.7677531
0.7932514
0.7992888
0.8028525
0.7982794
0.79382944
0.78111756
0.77074355
0.76212287
0.7578125
0.75
0.7429957
0.73949355
0.72971493
0.720943
0.7277961
0.7268366
0.7386814
0.75042444
0.7621675
0.7739106
0.7819751
0.78565365
