0.0625
0.09423077
0.11346154
0.1326923
0.15192309
0.17115384
0.18076923
0.18978938
0.22321428
0.24473444
0.26684982
0.30086997
0.3150906
0.34497887
0.39171803
0.4179722
0.43905342
0.46701783
0.4941507
0.5173086
0.51065654
0.49160287
0.4942929
0.46651515
0.43873736
0.42804217
0.39694744
0.36406344
0.35964423
0.3448084
0.33249778
0.33948863
0.328125
0.328125
0.328125
0.3020833
0.3177083
0.3177083
0.3333333
0.34375
0.3780303
0.3785244
0.4065547
0.40704876
0.41791832
0.36873704
0.34016562
0.30072463
0.28405797
0.27565876
