0.296875
0.34375
0.359375
0.359375
0.34920636
0.36507937
0.3968254
0.44444445
0.4920635
0.50793654
0.52380955
0.52380955
0.50793654
0.47619048
0.41269842
0.34920636
0.2857143
0.25396827
0.23809524
0.20634921
0.15873016
0.0952381
0.031746034
0.0
0.0
0.031746034
0.09677419
0.17741935
0.22580644
0.24193548
0.24193548
0.22580644
0.19354838
0.19354838
0.20967741
0.24193548
0.29032257
0.30645162
0.32258064
0.32258064
0.32258064
0.33333334
0.35
0.36666667
0.36666667
0.38333333
0.38333333
0.38333333
0.38333333
0.4
