0.36507937
0.4032258
0.41935483
0.41935483
0.43548387
0.43548387
0.43548387
0.43548387
0.4516129
0.48387095
0.5322581
0.5645161
0.5645161
0.5483871
0.5483871
0.5483871
0.5322581
0.5
0.48387095
0.48387095
0.47540984
0.48333332
0.48333332
0.48333332
0.46666667
0.37288135
0.23728813
0.10169491
0.0
0.0
0.0
0.06896552
0.0862069
0.0862069
0.0862069
0.06896552
0.07017544
0.07017544
0.07017544
0.30357143
0.44642857
0.53571427
0.6363636
0.6909091
0.7090909
0.7090909
0.7090909
0.7090909
0.72727275
0.74545455
