0.19155094
0.26320955
0.31599557
0.33539712
0.34904796
0.355502
0.36225948
0.36662155
0.37846944
0.40094003
0.42471102
0.43935904
0.44256416
0.44547963
0.44942918
0.4526343
0.4496427
0.43597832
0.40052795
0.35722336
0.31770653
0.29269567
0.28673077
0.27903846
0.26
0.18911779
0.10445024
0.056673728
0.03968254
0.08197577
0.11948217
0.14224137
0.15461625
0.1586485
0.16189526
0.1663259
0.1733355
0.17991444
0.19140063
0.27024144
0.34274748
0.38327068
0.41588914
0.43022728
0.43823317
0.43750262
0.42797446
0.42662877
0.4555249
0.49132037
