0.7917929
0.8021152
0.551889
0.53114915
0.5016252
0.45881537
0.42299685
0.41029698
0.4115904
0.4337878
0.46380308
0.47753313
0.479564
0.4658506
0.4411741
0.40250945
0.36804172
0.33867514
0.31351605
0.3001626
0.2801047
0.28119057
0.27342698
0.26188898
0.24498203
0.23792294
0.2369391
0.2724359
0.36280006
0.48558727
0.6106293
0.7127081
0.7772396
0.8100045
0.8303249
0.8381374
0.8526283
0.8589284
0.8696144
0.8763943
0.8777554
0.8746972
0.8776042
0.8693119
0.8556171
0.80422103
0.7180261
0.62904674
0.5528232
0.6746032
