0.22451067
0.22162351
0.23524395
0.21770719
0.21465841
0.19243181
0.17325398
0.14716974
0.12746677
0.11203468
0.09989205
0.08635163
0.06783311
0.05635965
0.05635965
0.06798246
0.07785088
0.102479674
0.12967479
0.15382114
0.16853659
0.19158536
0.19203705
0.18703705
0.17845678
0.16179012
0.14179012
0.13769263
0.133082
0.133082
0.12950176
0.113906525
0.106001735
0.09825982
0.09108752
0.103676006
0.10610119
0.1171131
0.12515822
0.13525641
0.15
0.1647436
0.18236074
0.20059681
0.2102122
0.21482758
0.22482759
0.22482759
0.22482759
0.22296366
